YOLO26s summary (fused): 122 layers, 9,558,447 parameters, 0 gradients, 21.0 GFLOPs
                 Class     Images  Instances      Box(P          R      mAP50  mAP50-95): 100% ━━━━━━━━━━━━ 313/313 8.8it/s 35.5s
                   all       5000      33949      0.957      0.883      0.939      0.712
           adzuki_bean        146        147      0.958      0.864      0.934      0.614
              allspice        131        133      0.974      0.917      0.943      0.803
              amaranth        133        136      0.961      0.898      0.959      0.762
               anchovy        154        157      0.953      0.906      0.947      0.656
                 apple        132        134      0.977      0.903      0.956      0.771
               apricot        144        144      0.984      0.826      0.918      0.651
             artichoke        138        139      0.929      0.878      0.931      0.744
       artichoke_heart        146        147      0.988      0.925      0.975      0.824
               arugula        144        145      0.957      0.855      0.896      0.674
             asparagus        153        154      0.977      0.929      0.977      0.671
               avocado        128        128      0.951      0.945      0.975      0.754
           avocado_oil        128        131       0.96      0.927      0.964      0.773
                 bacon        137        137      0.965      0.927      0.954      0.851
            baked_bean        140        143      0.967      0.874      0.937      0.702
          bamboo_shoot        134        134      0.975      0.948      0.983      0.791
                banana        142        142      0.979      0.859      0.931      0.696
                barley        147        149      0.943      0.826      0.892      0.615
                  beef        143        144      0.992      0.931      0.968      0.749
                  beet        146        146      0.951      0.842      0.909      0.657
              bergamot        153        155      0.976      0.903      0.956      0.655
                 bison        144        145      0.943      0.897      0.954       0.72
            black_bean        128        128      0.939      0.891      0.933      0.744
          black_cherry        142        142      0.977      0.879      0.917      0.651
          black_sapote        145        145      0.992      0.908      0.967      0.717
            blackberry        150        152       0.96      0.944      0.979      0.744
             blueberry        135        135      0.983      0.867      0.921      0.683
              bok_choy        139        140      0.965      0.921      0.955      0.721
           boysenberry        140        142      0.935      0.894      0.941      0.706
                 bread        137        138      0.977      0.929      0.966      0.849
            breadfruit        139        141       0.97      0.816      0.908      0.651
              broccoli        131        134      0.804      0.754      0.857       0.51
         broccoli_stem        150        151      0.909      0.854      0.939      0.673
       brussels_sprout        142        143      0.979      0.909      0.965      0.729
             buckwheat        138        138      0.952      0.872      0.941       0.69
               buffalo        134        137      0.965      0.883      0.965      0.778
                bulgur        148        149      0.923      0.832      0.902      0.667
                butter        145        146      0.976      0.925       0.96      0.848
               cabbage        144        146      0.937      0.932       0.97      0.744
       cannellini_bean        133        135      0.931      0.899      0.951      0.737
            canola_oil        143        145      0.983      0.945      0.977      0.856
                 caper        133        133      0.971       0.91      0.962      0.771
              cardamom        135        136      0.966      0.838      0.931      0.674
               caribou        129        132      0.973      0.833      0.907      0.608
                carrot        141        142      0.939      0.861      0.929        0.6
           cauliflower        148        148      0.986      0.946      0.962      0.699
              celeriac        139        139      0.836      0.813      0.867      0.607
                celery        141        143      0.806      0.756      0.856      0.641
           chard_stalk        150        151      0.912      0.755       0.86      0.598
                cheese        144        146      0.892      0.884      0.941       0.69
             cherimoya        138        139      0.994      0.892      0.934      0.705
                cherry        145        146      0.936      0.856      0.887      0.628
                  chia        152        152      0.977      0.809      0.909      0.682
               chicken        130        130      0.914      0.877      0.928      0.715
        chicken_breast        136        138      0.988      0.964       0.98      0.893
         chicken_thigh        138        138       0.91      0.879      0.944      0.722
              chickpea        132        132      0.925       0.84      0.908      0.683
          chili_pepper        128        129      0.992      0.925      0.977      0.844
           chili_sauce        138        141      0.992      0.912      0.963      0.777
                 chive        141        142      0.978      0.894      0.932       0.64
              cinnamon        140        144      0.969      0.874      0.938      0.741
                  clam        138        139      0.963      0.921      0.969       0.77
                 clove        143        143      0.968      0.916      0.962      0.774
               coconut        127        130      0.886      0.834      0.913      0.633
           coconut_oil        136        136      0.965      0.868      0.934      0.759
                   cod        138        139      0.966      0.835      0.874      0.599
                coffee        159        160      0.952      0.769      0.837      0.563
         collard_green        142        144       0.95      0.931      0.969      0.682
             coriander        146        147      0.987      0.837      0.906      0.706
                  corn        131        131      0.975      0.884       0.96      0.711
             corn_grit        157        157      0.965      0.873      0.931      0.688
              cornmeal        135        136       0.97      0.952      0.959      0.767
      couscouscucumber        139        139      0.985      0.947      0.974      0.777
                  crab        144        145      0.962      0.945       0.97      0.735
         cracked_wheat        142        143      0.981      0.881      0.943      0.702
             cranberry        143        145      0.985      0.902      0.958      0.725
              cucumber        133        134      0.986      0.851      0.912      0.726
                 cumin        155        155      0.933      0.858      0.926      0.749
                daikon        150        150      0.942      0.866      0.917      0.638
                  deer        138        138      0.918      0.855      0.934      0.669
          dragon_fruit        140        140      0.992      0.937      0.959      0.727
                  duck        147        151      0.974      0.881      0.952      0.592
      dumpling_wrapper        136        137      0.971      0.898      0.962       0.81
                durian        139        140      0.966      0.814      0.884      0.635
                   egg        143        145      0.947      0.959      0.977       0.89
               einkorn        138        139       0.92      0.863      0.926      0.694
            elderberry        150        150      0.926      0.853      0.899      0.566
                   elk        144        145      0.958      0.951      0.975       0.76
                 emmer        144        147      0.955       0.83      0.923      0.697
              farfalle        142        143      0.918       0.72      0.812       0.52
                 farro        143        144      0.973      0.903      0.953      0.714
             fava_bean        142        144      0.984      0.917      0.953      0.693
                fennel        127        127      0.968      0.898      0.956       0.72
            fettuccine        146        146      0.969      0.856      0.929      0.712
            fish_sauce        144        147      0.936      0.952      0.972      0.889
          flaxseed_oil        143        143      0.942      0.907      0.969      0.794
                 flour        131        131      0.944      0.863      0.923      0.697
               freekeh        137        138       0.96      0.869       0.95      0.712
        fruit_cocktail        133        133      0.967      0.932       0.95      0.833
               fusilli        136        139      0.914      0.727       0.82      0.529
                garlic        120        121      0.938      0.893      0.934      0.689
           garlic_bulb        155        158      0.973      0.994      0.995      0.892
                ginger        133        134      0.933      0.873       0.91      0.701
          glass_noodle        134        137      0.952      0.912      0.945      0.807
                  goat        124        126      0.963      0.921      0.972      0.759
            goji_berry        151        152      0.959      0.928      0.962      0.732
                 goose        127        131      0.965      0.908      0.961      0.698
            grapefruit        149        150      0.979      0.933      0.968      0.721
         grapeseed_oil        129        129      0.963      0.884      0.969      0.792
            green_bean        140        140      0.949      0.923      0.943      0.756
           green_onion        147        148      0.939      0.829      0.897      0.657
                grouse        142        143      0.937      0.881      0.939      0.722
                 guava        139        140      0.938      0.929      0.965      0.752
           guinea_fowl        137        140          1       0.95      0.989      0.718
               haddock        138        138       0.97      0.931      0.964      0.686
                   ham        145        145      0.968      0.938      0.957       0.84
           horseradish        137        139      0.986      0.921      0.949      0.808
           huckleberry        147        149      0.957      0.901      0.957      0.724
             jackfruit        149        151      0.979      0.914      0.972      0.684
                  kale        133        134      0.914      0.717       0.81      0.555
                 kamut        139        139      0.984      0.876      0.937        0.7
           kidney_bean        134        134      0.983      0.879      0.951        0.7
                  kiwi        141        142      0.992       0.89      0.959      0.698
              kohlrabi        133        137      0.908      0.796      0.891      0.608
               kumquat        147        148      0.956      0.926      0.964      0.724
                  lamb        146        146      0.939      0.822      0.924      0.649
               lasagna        159        161      0.993      0.947       0.97      0.753
                  leek        139        140      0.945      0.836      0.895      0.657
                 lemon        139        140      0.951        0.9      0.961      0.736
            lemongrass        149        149      0.944      0.886      0.929      0.666
               lentils        134        136      0.951      0.618       0.78      0.489
               lettuce        127        130      0.974      0.871      0.936       0.73
             lima_bean        132        133      0.893       0.88      0.918      0.704
                  lime        142        144      0.927      0.877      0.929      0.688
              linguine        144        145      0.978      0.924      0.977      0.749
               lobster        132        134      0.982      0.896      0.937      0.693
                lychee        132        134      0.975      0.896      0.931      0.723
              macaroni        144        145      0.935      0.897      0.939      0.697
              mackerel        130        131      0.965      0.843      0.927      0.612
              mandarin        134        134      0.957      0.851      0.933      0.729
                 mango        133        134      0.952      0.894      0.951      0.684
                  milk        140        140      0.953      0.836       0.89       0.74
                millet        128        129      0.904      0.802      0.884      0.561
              mulberry        141        142      0.985      0.907      0.951      0.632
             mung_bean        142        144      0.967      0.792        0.9      0.612
              mushroom        131        132      0.958      0.886      0.941      0.742
         mustard_green        145        148      0.921      0.786      0.875      0.651
                mutton        138        138       0.94       0.92      0.953      0.765
             navy_bean        139        140      0.921      0.746       0.82      0.579
             nectarine        141        141      0.976      0.881      0.961      0.683
                nutmeg        146        148      0.878      0.838      0.922      0.712
                   oat        145        145       0.95      0.862       0.92      0.689
               octopus        157        158      0.961      0.929      0.964      0.714
             olive_oil        157        157      0.952      0.917       0.96      0.726
                olives        142        142      0.968       0.88      0.938      0.773
                 onion        129        131      0.931      0.927      0.957      0.771
                orange        139        140      0.928      0.919      0.972      0.714
               ostrich        132        134      0.944      0.843      0.927      0.667
                oyster        134        135      0.968      0.896      0.952      0.785
                papaya        133        133      0.977       0.95      0.972      0.793
               paprika        118        120      0.982      0.924      0.958      0.801
               parsnip        158        159      0.986      0.906      0.941      0.681
             partridge        130        132      0.934      0.856      0.926       0.65
         passion_fruit        136        136      0.967      0.963      0.987      0.796
                 pasta        132        133      0.896      0.838      0.944      0.712
           pasta_sauce        152        153      0.993      0.912      0.975      0.799
                pawpaw        130        131      0.967      0.906      0.946      0.663
                 peach        140        141       0.96      0.879      0.926      0.738
            peanut_oil        147        149      0.972      0.945       0.98      0.828
                  pear        133        133      0.974      0.857      0.916      0.726
                  peas        134        136      0.968      0.868      0.948      0.744
                 penne        129        131      0.929      0.794      0.895      0.639
                pepper        137        138      0.946      0.906      0.958       0.76
                 pesto        134        135      0.982      0.881      0.938      0.725
              pheasant        154        155      0.935      0.838      0.949      0.713
                pickle        149        149      0.987      0.839      0.927      0.694
             pineapple        130        131      0.942      0.885      0.928      0.663
            pinto_bean        135        137      0.952      0.803      0.903      0.703
                  plum        126        127      0.984      0.942      0.973      0.792
                 pluot        133        133      0.988       0.91      0.962       0.75
               polenta        129        129      0.968      0.945      0.974      0.684
                pomelo        126        127       0.98      0.783      0.904      0.629
                  pork        158        158      0.976      0.905      0.956      0.749
                potato        138        139      0.966      0.928      0.951      0.734
               pumpkin        139        140      0.989      0.957      0.991      0.857
                 quail        140        140      0.895      0.855      0.911      0.633
                quinoa        132        133      0.973      0.887      0.915      0.661
                rabbit        143        143      0.955       0.86      0.948      0.684
             radicchio        149        152      0.997      0.967      0.981      0.759
                radish        151        153      0.975      0.941      0.968      0.741
                  ramp        156        156      0.971       0.84      0.893      0.603
             raspberry        131        132       0.98      0.917      0.959      0.751
          refried_bean        144        144      0.994      0.944       0.98      0.823
               rhubarb        127        129      0.963      0.891      0.941      0.643
                  rice        136        137      0.965      0.905       0.95      0.804
              rigatoni        148        150      0.986      0.913      0.953      0.711
               romaine        145        146      0.985        0.9      0.962      0.729
                rotini        150        150      0.963      0.856      0.943      0.656
              rutabaga        138        138      0.949      0.899      0.954      0.681
                salmon        138        139      0.979      0.827      0.916      0.643
                 salsa        133        136      0.966      0.941      0.982       0.78
                  salt        146        146       0.94      0.858      0.939      0.713
                santol        146        149      0.939      0.923      0.961      0.702
                sapote        139        139      0.985      0.964       0.98      0.777
               sardine        129        131      0.992      0.918       0.97      0.742
               sausage        139        140      0.978      0.951      0.975      0.869
         savoy_cabbage        136        137      0.896      0.885      0.928       0.65
               scallop        152        153      0.943      0.876      0.936      0.688
              semolina        144        145      0.985      0.848      0.944      0.743
            sesame_oil        135        135      0.952      0.911      0.945      0.689
               shallot        139        139      0.942      0.856      0.941      0.726
                shrimp        141        143      0.971      0.839       0.91      0.657
               sorghum        148        152      0.964      0.874      0.952       0.75
           sour_cherry        154        156      0.947      0.805      0.908       0.66
               soursop        142        144       0.95      0.889      0.923      0.671
               soybean        139        140      0.987      0.707      0.846       0.59
             spaghetti        138        140      0.955      0.914      0.963      0.743
                 spelt        143        145       0.96      0.869      0.927      0.699
               spinach        137        138      0.962      0.908      0.954      0.746
                 squab        138        142      0.935      0.887      0.947      0.651
              squirrel        138        139      0.953      0.835      0.881      0.592
            strawberry        136        137      0.977      0.937      0.979      0.757
                 sugar        135        136      0.984      0.889      0.945      0.748
      sun_dried_tomato        132        132      0.959      0.902      0.935      0.723
         sunflower_oil        137        139      0.974      0.811       0.91      0.618
          sweet_potato        133        135          1      0.946       0.98      0.768
           swiss_chard        130        131      0.881      0.863      0.881      0.599
             tangerine        150        152      0.918      0.879      0.947      0.682
                  teff        142        143      0.983      0.881      0.934      0.743
                tomato        135        136       0.97      0.912      0.969      0.789
                 trout        142        144      0.951      0.917       0.96      0.719
                  tuna        130        131      0.975      0.832      0.919      0.677
                turkey        139        140      0.968      0.929      0.973      0.766
              turmeric        148        148      0.975      0.912      0.971       0.81
                turnip        128        131       0.95      0.901      0.943      0.667
         vegetable_oil        128        130      0.992      0.917       0.95       0.79
               venison        142        143      0.955      0.894      0.964      0.764
            watercress        133        134      0.987      0.888      0.943      0.678
            wheat_bran        145        146      0.957      0.924      0.971      0.718
           white_peach        141        146      0.954      0.925      0.961      0.724
             wild_boar        147        148      0.956      0.884      0.962      0.717
                  yuzu        147        148      0.979      0.943       0.98      0.766
Speed: 0.2ms preprocess, 4.9ms inference, 0.0ms loss, 0.1ms postprocess per image